A
8.9989 4.3455 0.2135 7.851 1.8258 5.7644
3.5636 7.6287 5.3281 3.6406 4.1127 2.4625
1.1204 2.1298 6.9959 9.2405 8.9076 3.5502
8.2318 3.815 0.3401 8.8722 4.9716 0.2616
8.9182 9.9259 2.8025 4.4651 8.5163 4.7433
2.7746 8.4166 1.9512 8.5631 3.0779 1.1483
b
23.2053 19.0113 89.6875 71.2866 27.232 33.1404
Augmented Matrix
8.9989 4.3455 0.2135 7.851 1.8258 5.7644 23.2053
3.5636 7.6287 5.3281 3.6406 4.1127 2.4625 19.0113
1.1204 2.1298 6.9959 9.2405 8.9076 3.5502 89.6875
8.2318 3.815 0.3401 8.8722 4.9716 0.2616 71.2866
8.9182 9.9259 2.8025 4.4651 8.5163 4.7433 27.232
2.7746 8.4166 1.9512 8.5631 3.0779 1.1483 33.1404
solution
1.7242893526597838 -3.9384310103401003 2.7804279245460837 5.438754695971188 4.859633120651643 -4.746887469964501
Ax-b
0.0 3.552713678800501E-15 -1.4210854715202004E-14 1.4210854715202004E-14 -3.552713678800501E-15 -7.105427357601002E-15
A
8.9989 4.3455 0.2135 7.851 1.8258 5.7644
3.5636 7.6287 5.3281 3.6406 4.1127 2.4625
1.1204 2.1298 6.9959 9.2405 8.9076 3.5502
8.2318 3.815 0.3401 8.8722 4.9716 0.2616
8.9182 9.9259 2.8025 4.4651 8.5163 4.7433
2.7746 8.4166 1.9512 8.5631 3.0779 1.1483
b
23.2053 19.0113 89.6875 71.2866 27.232 33.1404
Augmented Matrix
8.9989 4.3455 0.2135 7.851 1.8258 5.7644 23.2053
3.5636 7.6287 5.3281 3.6406 4.1127 2.4625 19.0113
1.1204 2.1298 6.9959 9.2405 8.9076 3.5502 89.6875
8.2318 3.815 0.3401 8.8722 4.9716 0.2616 71.2866
8.9182 9.9259 2.8025 4.4651 8.5163 4.7433 27.232
2.7746 8.4166 1.9512 8.5631 3.0779 1.1483 33.1404
solution
1.7242893526597838 -3.9384310103401003 2.7804279245460837 5.438754695971188 4.859633120651643 -4.746887469964501
Ax-b
0.0 3.552713678800501E-15 -1.4210854715202004E-14 1.4210854715202004E-14 -3.552713678800501E-15 -7.105427357601002E-15
