A
1.3345 4.7179 8.7549 6.5723 7.3897 8.3129 7.8973
7.5736 5.9271 2.1857 4.8801 6.2095 9.5553 2.461
0.7954 4.9839 4.3577 2.9923 4.8929 8.9217 5.0744
3.6043 9.0389 7.1815 6.4549 2.5129 1.3928 7.5684
5.6586 1.4808 9.4959 2.3175 9.9328 8.0936 6.1872
1.5965 7.8723 9.2346 0.8949 1.7344 7.942 7.3442
8.5183 5.8771 1.105 5.1499 1.1045 7.415 2.6577
b
63.6744 1.1292 44.0439 89.5473 8.2836 81.1194 42.4298
Augmented Matrix
1.3345 4.7179 8.7549 6.5723 7.3897 8.3129 7.8973 63.6744
7.5736 5.9271 2.1857 4.8801 6.2095 9.5553 2.461 1.1292
0.7954 4.9839 4.3577 2.9923 4.8929 8.9217 5.0744 44.0439
3.6043 9.0389 7.1815 6.4549 2.5129 1.3928 7.5684 89.5473
5.6586 1.4808 9.4959 2.3175 9.9328 8.0936 6.1872 8.2836
1.5965 7.8723 9.2346 0.8949 1.7344 7.942 7.3442 81.1194
8.5183 5.8771 1.105 5.1499 1.1045 7.415 2.6577 42.4298
solution
-0.21868608855289828 -0.462611682067811 -3.360029211675089 1.7322592363820624 -7.032671451670881 0.8125720945301421 16.384724686641594
Ax-b
7.105427357601002E-15 -9.769962616701378E-15 -1.4210854715202004E-14 2.8421709430404007E-14 7.105427357601002E-15 0.0 0.0
A
1.3345 4.7179 8.7549 6.5723 7.3897 8.3129 7.8973
7.5736 5.9271 2.1857 4.8801 6.2095 9.5553 2.461
0.7954 4.9839 4.3577 2.9923 4.8929 8.9217 5.0744
3.6043 9.0389 7.1815 6.4549 2.5129 1.3928 7.5684
5.6586 1.4808 9.4959 2.3175 9.9328 8.0936 6.1872
1.5965 7.8723 9.2346 0.8949 1.7344 7.942 7.3442
8.5183 5.8771 1.105 5.1499 1.1045 7.415 2.6577
b
63.6744 1.1292 44.0439 89.5473 8.2836 81.1194 42.4298
Augmented Matrix
1.3345 4.7179 8.7549 6.5723 7.3897 8.3129 7.8973 63.6744
7.5736 5.9271 2.1857 4.8801 6.2095 9.5553 2.461 1.1292
0.7954 4.9839 4.3577 2.9923 4.8929 8.9217 5.0744 44.0439
3.6043 9.0389 7.1815 6.4549 2.5129 1.3928 7.5684 89.5473
5.6586 1.4808 9.4959 2.3175 9.9328 8.0936 6.1872 8.2836
1.5965 7.8723 9.2346 0.8949 1.7344 7.942 7.3442 81.1194
8.5183 5.8771 1.105 5.1499 1.1045 7.415 2.6577 42.4298
solution
-0.21868608855289828 -0.462611682067811 -3.360029211675089 1.7322592363820624 -7.032671451670881 0.8125720945301421 16.384724686641594
Ax-b
7.105427357601002E-15 -9.769962616701378E-15 -1.4210854715202004E-14 2.8421709430404007E-14 7.105427357601002E-15 0.0 0.0
