A
20.0 -23.0 -66.0 -41.0
3.0 71.0 51.0 -99.0
84.0 48.0 -46.0 97.0
91.0 -49.0 97.0 64.0
b
52.0 -90.0 77.0 -78.0
Augmented Matrix
20.0 -23.0 -66.0 -41.0 52.0
3.0 71.0 51.0 -99.0 -90.0
84.0 48.0 -46.0 97.0 77.0
91.0 -49.0 97.0 64.0 -78.0
solution
-0.04386940733004663 -0.028326733403776894 -1.01710219090007 0.3634846663680618
Ax-b
7.105427357601002E-15 0.0 0.0 -1.4210854715202004E-14
A
20.0 -23.0 -66.0 -41.0
3.0 71.0 51.0 -99.0
84.0 48.0 -46.0 97.0
91.0 -49.0 97.0 64.0
b
52.0 -90.0 77.0 -78.0
Augmented Matrix
20.0 -23.0 -66.0 -41.0 52.0
3.0 71.0 51.0 -99.0 -90.0
84.0 48.0 -46.0 97.0 77.0
91.0 -49.0 97.0 64.0 -78.0
solution
-0.04386940733004663 -0.028326733403776894 -1.01710219090007 0.3634846663680618
Ax-b
7.105427357601002E-15 0.0 0.0 -1.4210854715202004E-14
