44.4 171.0 41.0 150.0 182.9 145.0
137.8 62.3 77.9 132.7 11.9 115.4
121.80000000000001 26.0 65.8 60.1 57.2 123.7
65.9 93.1 136.5 84.1 69.60000000000001 167.5
108.7 105.80000000000001 72.4 56.5 96.7 151.6
120.2 91.0 83.9 132.4 59.800000000000004 105.1
39.4 19.0 -12.200000000000001 -45.800000000000004 -5.099999999999994 -0.19999999999998863
-7.3999999999999915 52.3 -40.9 -10.700000000000003 3.5 18.199999999999996
-75.6 18.0 -50.0 45.699999999999996 1.1999999999999993 -16.700000000000003
33.5 -5.300000000000004 -54.5 -31.9 -51.800000000000004 -6.099999999999994
-78.7 77.0 17.000000000000004 31.5 -80.3 -12.400000000000006
-78.8 -71.80000000000001 60.1 -53.6 58.4 -2.5
104.75 7220.0 383.04 5100.59 8356.6 5256.24
4733.5199999999995 286.5 1098.8999999999999 4373.7 32.34 3246.48
2279.9700000000003 88.0 457.41 380.88 817.6 3755.7000000000003
805.14 2159.88 3915.5 1513.8000000000002 540.23 7004.76
1405.5 1316.16 1238.19 550.0 725.6999999999999 5707.2
2059.65 781.44 856.8000000000001 3664.2 41.37 2759.9399999999996
24800.78 13453.84 15890.94 21883.440000000002 15821.600000000002 24377.019999999997
14505.219999999998 13865.3 13042.800000000001 20471.340000000004 11318.37 18337.039999999997
11350.95 9275.260000000002 8876.109999999999 12304.470000000001 8317.68 13165.259999999998
16644.49 12141.960000000001 10002.990000000002 17438.61 8432.59 15956.9
19491.37 9724.119999999999 13673.67 17471.02 6490.700000000001 16905.059999999998
19135.41 8874.54 11299.9 11028.099999999999 11659.96 18049.84
