A^(-1)
0.00833336470862188 0.0038645933699853925 0.0038587696760764567 0.005468156845353669
-0.005956482937160317 0.005397210162185143 0.005740885164924699 -0.004168091490077185
-0.006101183566156687 0.002339225920770592 -0.002622374138800624 0.003684455178242574
-0.00716232885137887 -0.004908118953692914 0.002883212875343953 -9.254829411014938E-4
A^(-1)A
1.0 -1.6653345369377348E-16 -1.1102230246251565E-16 2.220446049250313E-16
0.0 1.0 5.551115123125783E-17 -2.220446049250313E-16
-1.6653345369377348E-16 -2.7755575615628914E-16 0.9999999999999999 -2.220446049250313E-16
0.0 7.632783294297951E-17 1.1102230246251565E-16 1.0
AA^(-1)
0.9999999999999999 -5.551115123125783E-17 1.3877787807814457E-16 2.0816681711721685E-17
2.220446049250313E-16 1.0 -1.6653345369377348E-16 0.0
-1.1102230246251565E-16 0.0 1.0000000000000002 2.7755575615628914E-17
3.885780586188048E-16 -3.3306690738754696E-16 -2.220446049250313E-16 1.0
A^(-1)
0.00833336470862188 0.0038645933699853925 0.0038587696760764567 0.005468156845353669
-0.005956482937160317 0.005397210162185143 0.005740885164924699 -0.004168091490077185
-0.006101183566156687 0.002339225920770592 -0.002622374138800624 0.003684455178242574
-0.00716232885137887 -0.004908118953692914 0.002883212875343953 -9.254829411014938E-4
A^(-1)A
1.0 -1.6653345369377348E-16 -1.1102230246251565E-16 2.220446049250313E-16
0.0 1.0 5.551115123125783E-17 -2.220446049250313E-16
-1.6653345369377348E-16 -2.7755575615628914E-16 0.9999999999999999 -2.220446049250313E-16
0.0 7.632783294297951E-17 1.1102230246251565E-16 1.0
AA^(-1)
0.9999999999999999 -5.551115123125783E-17 1.3877787807814457E-16 2.0816681711721685E-17
2.220446049250313E-16 1.0 -1.6653345369377348E-16 0.0
-1.1102230246251565E-16 0.0 1.0000000000000002 2.7755575615628914E-17
3.885780586188048E-16 -3.3306690738754696E-16 -2.220446049250313E-16 1.0
