A^(-1)
0.029063466325448095 0.13164719187250773 -0.05518686095221831 0.12526315592015802 -0.03692646856618376 -0.13359382109085854
-0.02974705242474507 0.007195912272828897 -0.05118486221492141 -0.051397647449234585 0.047420437163414264 0.107974168628643
0.008739742713587684 0.2926715295349568 0.010642627377968561 0.060598696145820696 -0.14171688162904694 -0.132816689345979
0.032353033467505676 -0.0450305019452647 0.035141753310247714 0.020342866613525246 -0.0627241953164216 0.07996996782754322
-0.09072721411734767 -0.15733903682647143 0.06425896093696333 0.0025978764599604784 0.14284081492972622 0.003558935980772949
0.1348807743925421 -0.11061533534604726 0.05612912787370746 -0.18757806659318849 0.06733355423720538 0.022033503449862653
A^(-1)A
0.9999999999999989 -6.661338147750939E-16 1.6653345369377348E-16 -8.881784197001252E-16 -8.326672684688674E-16 -1.0824674490095276E-15
1.3322676295501878E-15 1.0000000000000009 -8.326672684688674E-17 7.771561172376096E-16 3.885780586188048E-16 5.551115123125783E-16
-8.881784197001252E-16 -6.661338147750939E-16 1.0 -6.661338147750939E-16 -8.326672684688674E-16 4.440892098500626E-16
6.106226635438361E-16 6.661338147750939E-16 3.3306690738754696E-16 1.0000000000000004 5.828670879282072E-16 4.163336342344337E-16
-2.7582103268031233E-16 -1.1796119636642288E-16 -8.673617379884035E-19 -7.28583859910259E-17 0.9999999999999999 1.0408340855860843E-17
-2.0816681711721685E-16 1.1102230246251565E-16 2.0816681711721685E-17 -1.1102230246251565E-16 6.938893903907228E-17 1.0
AA^(-1)
0.9999999999999994 1.5543122344752192E-15 -3.885780586188048E-16 8.881784197001252E-16 -8.881784197001252E-16 -1.3877787807814457E-16
8.881784197001252E-16 1.0000000000000007 -2.498001805406602E-16 -6.661338147750939E-16 -1.6653345369377348E-16 1.249000902703301E-16
9.992007221626409E-16 6.106226635438361E-16 1.0 -1.5543122344752192E-15 5.551115123125783E-17 5.551115123125783E-17
-4.440892098500626E-16 1.3530843112619095E-15 -2.8449465006019636E-16 1.0000000000000004 -7.91033905045424E-16 -1.8908485888147197E-16
2.220446049250313E-16 1.6653345369377348E-15 -5.551115123125783E-16 4.440892098500626E-16 0.9999999999999991 9.71445146547012E-17
7.771561172376096E-16 6.661338147750939E-16 -3.0531133177191805E-16 -2.7755575615628914E-17 2.0816681711721685E-16 0.9999999999999998
A^(-1)
0.029063466325448095 0.13164719187250773 -0.05518686095221831 0.12526315592015802 -0.03692646856618376 -0.13359382109085854
-0.02974705242474507 0.007195912272828897 -0.05118486221492141 -0.051397647449234585 0.047420437163414264 0.107974168628643
0.008739742713587684 0.2926715295349568 0.010642627377968561 0.060598696145820696 -0.14171688162904694 -0.132816689345979
0.032353033467505676 -0.0450305019452647 0.035141753310247714 0.020342866613525246 -0.0627241953164216 0.07996996782754322
-0.09072721411734767 -0.15733903682647143 0.06425896093696333 0.0025978764599604784 0.14284081492972622 0.003558935980772949
0.1348807743925421 -0.11061533534604726 0.05612912787370746 -0.18757806659318849 0.06733355423720538 0.022033503449862653
A^(-1)A
0.9999999999999989 -6.661338147750939E-16 1.6653345369377348E-16 -8.881784197001252E-16 -8.326672684688674E-16 -1.0824674490095276E-15
1.3322676295501878E-15 1.0000000000000009 -8.326672684688674E-17 7.771561172376096E-16 3.885780586188048E-16 5.551115123125783E-16
-8.881784197001252E-16 -6.661338147750939E-16 1.0 -6.661338147750939E-16 -8.326672684688674E-16 4.440892098500626E-16
6.106226635438361E-16 6.661338147750939E-16 3.3306690738754696E-16 1.0000000000000004 5.828670879282072E-16 4.163336342344337E-16
-2.7582103268031233E-16 -1.1796119636642288E-16 -8.673617379884035E-19 -7.28583859910259E-17 0.9999999999999999 1.0408340855860843E-17
-2.0816681711721685E-16 1.1102230246251565E-16 2.0816681711721685E-17 -1.1102230246251565E-16 6.938893903907228E-17 1.0
AA^(-1)
0.9999999999999994 1.5543122344752192E-15 -3.885780586188048E-16 8.881784197001252E-16 -8.881784197001252E-16 -1.3877787807814457E-16
8.881784197001252E-16 1.0000000000000007 -2.498001805406602E-16 -6.661338147750939E-16 -1.6653345369377348E-16 1.249000902703301E-16
9.992007221626409E-16 6.106226635438361E-16 1.0 -1.5543122344752192E-15 5.551115123125783E-17 5.551115123125783E-17
-4.440892098500626E-16 1.3530843112619095E-15 -2.8449465006019636E-16 1.0000000000000004 -7.91033905045424E-16 -1.8908485888147197E-16
2.220446049250313E-16 1.6653345369377348E-15 -5.551115123125783E-16 4.440892098500626E-16 0.9999999999999991 9.71445146547012E-17
7.771561172376096E-16 6.661338147750939E-16 -3.0531133177191805E-16 -2.7755575615628914E-17 2.0816681711721685E-16 0.9999999999999998
