A^(-1)
-0.1152107532024971 -0.07961985714624534 0.01788959896995157 0.03688306250868079 0.11016239879316353 -0.03701738869464656 0.12271509599929636
-0.07465358452747334 0.2221522279660595 -0.02635085328629022 0.0799569432687898 -0.08438920820974413 0.07621680884763164 -0.1754166452039966
0.3265323508549125 0.2768238497344194 -0.578675057938254 -0.14742109847480175 -0.12350262408823481 0.26569439552656393 -0.14862257469684545
0.31664197208391404 0.10346438525584954 -0.2824710217095145 -0.07202768204651157 -0.14643446608110167 0.01401937929980686 0.009903663390897715
-0.12602335835970693 0.0992839612581293 0.14653346272513196 0.09347905645455032 0.07079260591922704 -0.10072284399519135 -0.14991502249280483
0.08880482334822257 0.007049761183376746 -0.013936826901512905 -0.12370101505700634 -0.04899906457405621 0.06076465302198424 0.05462288847304775
-0.41037038225426364 -0.6125746833052799 0.7668685120824497 0.21211391042139333 0.2759146408537787 -0.31520518291720695 0.3233602951937714
A^(-1)A
0.9999999999999996 -2.220446049250313E-16 -4.718447854656915E-16 -3.3306690738754696E-16 -4.996003610813204E-16 -9.992007221626409E-16 -1.6653345369377348E-16
4.440892098500626E-16 1.0 4.996003610813204E-16 3.3306690738754696E-16 7.494005416219807E-16 8.881784197001252E-16 4.996003610813204E-16
-2.220446049250313E-16 -1.1102230246251565E-16 0.9999999999999994 -5.551115123125783E-16 -1.942890293094024E-16 0.0 -7.216449660063518E-16
-2.7755575615628914E-16 6.106226635438361E-16 -1.1102230246251565E-16 1.0000000000000002 -3.8163916471489756E-16 -3.885780586188048E-16 2.0816681711721685E-17
6.661338147750939E-16 -1.1102230246251565E-16 5.273559366969494E-16 5.551115123125783E-16 1.0000000000000007 1.1102230246251565E-15 4.996003610813204E-16
-1.6653345369377348E-16 -2.7755575615628914E-16 -4.718447854656915E-16 -2.7755575615628914E-16 -3.400058012914542E-16 0.9999999999999997 -4.440892098500626E-16
4.440892098500626E-16 2.220446049250313E-16 -3.885780586188048E-16 2.220446049250313E-16 -1.0547118733938987E-15 -1.3322676295501878E-15 1.0000000000000007
AA^(-1)
1.0 0.0 1.7763568394002505E-15 0.0 4.440892098500626E-16 -8.881784197001252E-16 0.0
-2.220446049250313E-16 0.9999999999999998 -2.220446049250313E-16 0.0 1.1102230246251565E-16 -2.220446049250313E-16 5.551115123125783E-16
0.0 0.0 1.0000000000000004 0.0 4.440892098500626E-16 -4.440892098500626E-16 4.440892098500626E-16
-4.440892098500626E-16 -8.881784197001252E-16 0.0 1.0 0.0 -8.881784197001252E-16 0.0
-8.881784197001252E-16 -8.881784197001252E-16 8.881784197001252E-16 0.0 1.0000000000000004 -6.661338147750939E-16 8.881784197001252E-16
-4.440892098500626E-16 8.881784197001252E-16 -8.881784197001252E-16 0.0 4.440892098500626E-16 0.9999999999999996 0.0
0.0 -2.220446049250313E-16 -4.440892098500626E-16 1.1102230246251565E-16 0.0 0.0 0.9999999999999998
A^(-1)
-0.1152107532024971 -0.07961985714624534 0.01788959896995157 0.03688306250868079 0.11016239879316353 -0.03701738869464656 0.12271509599929636
-0.07465358452747334 0.2221522279660595 -0.02635085328629022 0.0799569432687898 -0.08438920820974413 0.07621680884763164 -0.1754166452039966
0.3265323508549125 0.2768238497344194 -0.578675057938254 -0.14742109847480175 -0.12350262408823481 0.26569439552656393 -0.14862257469684545
0.31664197208391404 0.10346438525584954 -0.2824710217095145 -0.07202768204651157 -0.14643446608110167 0.01401937929980686 0.009903663390897715
-0.12602335835970693 0.0992839612581293 0.14653346272513196 0.09347905645455032 0.07079260591922704 -0.10072284399519135 -0.14991502249280483
0.08880482334822257 0.007049761183376746 -0.013936826901512905 -0.12370101505700634 -0.04899906457405621 0.06076465302198424 0.05462288847304775
-0.41037038225426364 -0.6125746833052799 0.7668685120824497 0.21211391042139333 0.2759146408537787 -0.31520518291720695 0.3233602951937714
A^(-1)A
0.9999999999999996 -2.220446049250313E-16 -4.718447854656915E-16 -3.3306690738754696E-16 -4.996003610813204E-16 -9.992007221626409E-16 -1.6653345369377348E-16
4.440892098500626E-16 1.0 4.996003610813204E-16 3.3306690738754696E-16 7.494005416219807E-16 8.881784197001252E-16 4.996003610813204E-16
-2.220446049250313E-16 -1.1102230246251565E-16 0.9999999999999994 -5.551115123125783E-16 -1.942890293094024E-16 0.0 -7.216449660063518E-16
-2.7755575615628914E-16 6.106226635438361E-16 -1.1102230246251565E-16 1.0000000000000002 -3.8163916471489756E-16 -3.885780586188048E-16 2.0816681711721685E-17
6.661338147750939E-16 -1.1102230246251565E-16 5.273559366969494E-16 5.551115123125783E-16 1.0000000000000007 1.1102230246251565E-15 4.996003610813204E-16
-1.6653345369377348E-16 -2.7755575615628914E-16 -4.718447854656915E-16 -2.7755575615628914E-16 -3.400058012914542E-16 0.9999999999999997 -4.440892098500626E-16
4.440892098500626E-16 2.220446049250313E-16 -3.885780586188048E-16 2.220446049250313E-16 -1.0547118733938987E-15 -1.3322676295501878E-15 1.0000000000000007
AA^(-1)
1.0 0.0 1.7763568394002505E-15 0.0 4.440892098500626E-16 -8.881784197001252E-16 0.0
-2.220446049250313E-16 0.9999999999999998 -2.220446049250313E-16 0.0 1.1102230246251565E-16 -2.220446049250313E-16 5.551115123125783E-16
0.0 0.0 1.0000000000000004 0.0 4.440892098500626E-16 -4.440892098500626E-16 4.440892098500626E-16
-4.440892098500626E-16 -8.881784197001252E-16 0.0 1.0 0.0 -8.881784197001252E-16 0.0
-8.881784197001252E-16 -8.881784197001252E-16 8.881784197001252E-16 0.0 1.0000000000000004 -6.661338147750939E-16 8.881784197001252E-16
-4.440892098500626E-16 8.881784197001252E-16 -8.881784197001252E-16 0.0 4.440892098500626E-16 0.9999999999999996 0.0
0.0 -2.220446049250313E-16 -4.440892098500626E-16 1.1102230246251565E-16 0.0 0.0 0.9999999999999998
