6.456872799999999 32.0622909 5.6450057000000005 94.12374220000001 71.25725320000001 55.5428019
35.5887771 16.0679384 43.4072214 27.4195998 95.9937933 9.759507300000001
40.221136 0.6736909 56.8655671 57.2088752 13.3628453 67.5981317
14.1554333 50.7097535 36.9821567 24.9221646 13.9824558 11.672344500000001
4.9998201 43.3083867 76.7010043 84.8950217 62.328904800000004 37.8418789
67.7860682 31.8563476 73.1994792 91.23735190000001 9.4751216 66.8296497
6.7431272 31.5377091 4.7549943 94.6762578 72.1427468 55.2571981
36.4112229 15.7320616 43.1927786 28.380400199999997 96.2062067 9.8404927
41.178864000000004 0.9263091000000001 56.734432899999995 58.191124800000004 14.037154699999999 66.80186830000001
14.444566700000001 51.0902465 36.8178433 24.8778354 13.217544199999999 12.1276555
5.4001799 43.6916133 77.4989957 85.30497829999999 61.8710952 38.1581211
68.2139318 30.943652399999998 72.2005208 91.5626481 9.5248784 66.1703503
-0.9446395200000001 8.34085062 2.31402964 -26.07873632 -31.74494556 7.91122526
-14.8040244 2.6702205599999997 4.642686619999999 -13.40316558 -10.20646387 -0.39682846000000005
-19.489764800000003 -0.10104728000000002 3.72421128 -28.33790096 -4.619019389999999 26.75445024
-2.06730381 -9.68354685 3.0315822299999997 0.5518985399999999 5.20139888 -2.70910045
-1.04093548 -8.33517855 -30.762568469999998 -17.44365333 14.21498808 -6.008601799999999
-14.5473624 14.32931464 36.312137840000005 -14.86603634 -0.2363448 21.92170505
-56.36343757 -0.001532430000004581 13.50637553 -41.26918741 43.08533194 -12.840259170000003
-57.79306547000001 -12.606200069999996 -10.59233779 -59.523321489999994 0.198089939999995 3.4196779799999995
-58.813910740000004 20.69946693 54.76092313000001 -51.98315887 -13.723280139999998 35.24400215
-49.51599206 5.725476349999997 16.803739549999996 -50.69668057 -11.838006960000001 10.77581099
-88.41607835 -11.81715281 13.22749575 -77.22324411 12.899695280000003 13.010976739999995
-86.80003159 25.064634339999998 75.32789776 -80.3124177 -22.476177349999993 36.99507490999999
