14.9 39.3 5.6000000000000005 102.4 78.2 61.4 
36.0 16.0 44.8 30.599999999999998 96.69999999999999 12.4 
43.0 9.0 58.8 66.5 15.799999999999999 68.10000000000001 
21.8 55.9 42.8 28.5 19.1 20.0 
6.6 46.2 84.5 87.8 68.1 41.4 
68.7 36.4 79.8 101.30000000000001 12.6 70.8 
-1.700000000000001 24.3 4.8 86.4 65.2 49.4 
36.0 15.8 41.8 25.2 95.5 7.200000000000001 
38.400000000000006 -7.3999999999999995 54.8 48.900000000000006 11.6 66.3 
6.800000000000001 45.9 31.0 21.299999999999997 8.1 3.8000000000000007 
3.8000000000000003 40.8 69.69999999999999 82.39999999999999 56.1 34.6 
67.3 26.4 65.60000000000001 81.5 6.4 62.2 
54.78 238.5 2.08 755.2 466.05 332.4 
0.0 1.59 64.94999999999999 75.33 57.66 25.480000000000004 
93.61 6.56 113.6 507.76000000000005 28.77 60.480000000000004 
107.25 254.5 217.71 89.64 74.8 96.39 
7.279999999999999 117.45 570.54 229.77 372.6 129.2 
47.599999999999994 157.0 516.17 904.8600000000001 29.45 285.95 
913.9 1037.9099999999999 1541.6200000000001 1266.31 1194.04 1373.6000000000001 
749.04 1074.62 1070.18 1168.9 1094.9 891.18 
967.42 1432.58 1050.0100000000002 1737.5900000000001 992.1800000000002 1100.31 
417.68 635.64 487.90999999999997 820.72 456.41999999999996 550.4499999999999 
972.2800000000001 1458.74 1452.9599999999998 1687.76 1180.26 1277.54 
1476.96 1924.43 1301.4099999999999 2281.58 1379.3600000000001 1613.6599999999999 
