2.9262 4.018 4.3731 0.2289 9.3559 4.9841 5.9344
7.4588 5.3087 5.3817 0.2461 6.8499 6.9556 0.114
6.3962 3.1264 7.5277 5.2606 5.8164 9.2211 5.8189
3.5791 8.0364 6.6548 5.818 9.3937 4.6783 6.2536
1.5754 0.814 7.7519 7.9344 3.7141 3.3115 8.1074
0.4239 7.9755 7.1505 6.4928 5.8421 3.1056 9.219
5.7202 8.904 2.4844 7.7799 9.4096 7.4492 8.2939
Det: 118542.01711831597
2.9262 4.018 4.3731 0.2289 9.3559 4.9841 5.9344
7.4588 5.3087 5.3817 0.2461 6.8499 6.9556 0.114
6.3962 3.1264 7.5277 5.2606 5.8164 9.2211 5.8189
3.5791 8.0364 6.6548 5.818 9.3937 4.6783 6.2536
1.5754 0.814 7.7519 7.9344 3.7141 3.3115 8.1074
0.4239 7.9755 7.1505 6.4928 5.8421 3.1056 9.219
5.7202 8.904 2.4844 7.7799 9.4096 7.4492 8.2939
Det: 118542.01711831597
